3.876745383499811126e-01
8.728339939298380701e-01
4.039745439037286667e-01
6.811189273640160247e-01
1.200399447112665552e-02
6.626006991610113861e-01
2.153055761337935303e-01
5.626834815954244728e-01
7.672637360505585313e-01
7.422565802079663655e-01
8.303388961675643998e-01
9.978470961847190068e-01
7.393097557730702318e-01
3.198984507642631536e-01
1.165485111087839476e-01
3.148243239509030955e-01
8.102221209287843173e-01
5.742123848217814963e-01
1.359719351697044054e-01
5.791428022778786211e-01
5.873088267526279660e-01
5.278145966101882580e-01
6.019576414128000597e-01
9.182968089310599158e-01
2.974819038547982242e-02
3.340846480281646214e-01
6.217278310688347798e-01
7.615928113502260510e-01
4.184755522041070375e-01
7.793819090964013707e-01
4.580096178120973693e-01
3.985938177825794071e-01
6.455609545485962997e-03
2.299060114697363266e-01
5.558366151765768981e-01
5.794898247187930673e-01
3.366734069138915819e-01
2.655346316792872585e-03
8.180453134852646579e-01
1.947970056060104316e-01
4.730363357662971113e-01
6.168652499106002107e-01
1.370129343359982599e-01
6.541401057644765649e-01
1.068497933257669397e-01
8.923324319907186553e-01
4.909572187860744563e-01
6.395899325669888169e-01
7.866572802102742568e-01
2.307221055940003041e-01
1.739758003447130497e-01
6.762998561771905726e-01
1.044331004479320812e-01
7.246115514274852343e-01
3.876090851355521449e-01
4.747280670977849226e-03
1.324399458190126389e-01
8.350179794207629458e-01
4.737996627041337616e-01
8.146240271525256871e-01
9.696023030189713232e-01
2.998544686361483969e-01
7.623842956044761809e-01
9.275652127815227077e-01
